<?xml version="1.0"?>
<opencv_storage>
<calibration_time>"Thu Feb 13 11:45:51 2020"</calibration_time>
<nr_of_frames>50</nr_of_frames>
<image_width>640</image_width>
<image_height>480</image_height>
<board_width>9</board_width>
<board_height>6</board_height>
<square_size>22.</square_size>
<fix_aspect_ratio>1.</fix_aspect_ratio>
<!-- flags: +fix_aspectRatio +fix_principal_point +zero_tangent_dist +fix_k4 +fix_k5 -->
<flags>6158</flags>
<fisheye_model>0</fisheye_model>
<camera_matrix type_id="opencv-matrix">
  <rows>3</rows>
  <cols>3</cols>
  <dt>d</dt>
  <data>
    5.2854830090442852e+02 0. 320. 0. 5.2854830090442852e+02 240. 0. 0.
    1.</data></camera_matrix>
<distortion_coefficients type_id="opencv-matrix">
  <rows>5</rows>
  <cols>1</cols>
  <dt>d</dt>
  <data>
    4.5927697194023126e-01 -3.1867191981480949e+00 0. 0.
    6.5723776054638936e+00</data></distortion_coefficients>
<avg_reprojection_error>1.0366740166444222e+00</avg_reprojection_error>
<per_view_reprojection_errors type_id="opencv-matrix">
  <rows>50</rows>
  <cols>1</cols>
  <dt>f</dt>
  <data>
    5.32497168e-01 6.26029253e-01 6.30898297e-01 6.81052387e-01
    6.84804738e-01 6.39167964e-01 5.97925544e-01 5.80412030e-01
    6.00320160e-01 6.31767929e-01 6.77013457e-01 6.71719313e-01
    6.50048792e-01 7.07096398e-01 1.56642556e+00 9.28166747e-01
    9.11484241e-01 6.12836301e-01 9.46934938e-01 1.05933678e+00
    1.25875354e+00 1.99240434e+00 1.34023464e+00 1.31590688e+00
    1.32284963e+00 1.30974817e+00 1.31486821e+00 1.30798507e+00
    1.28906870e+00 1.31842351e+00 1.31945860e+00 1.36477351e+00
    1.37097275e+00 1.42867649e+00 1.53292453e+00 1.31485593e+00
    1.13765824e+00 1.04156697e+00 1.02036393e+00 7.95535088e-01
    7.06085205e-01 6.89979315e-01 7.07744896e-01 8.34478498e-01
    9.53795493e-01 9.33845162e-01 9.61960495e-01 9.95650232e-01
    5.33589423e-01 5.43322742e-01</data></per_view_reprojection_errors>
<!-- a set of 6-tuples (rotation vector + translation vector) for each view -->
<extrinsic_parameters type_id="opencv-matrix">
  <rows>50</rows>
  <cols>6</cols>
  <dt>d</dt>
  <data>
    -4.6234983178300759e-01 4.0871358093801761e-02
    5.6831790800591572e-02 -7.4016856594137195e+01
    -4.0155912158666659e+01 4.4335434730534132e+02
    -5.7094185607715642e-01 1.0583288589543818e-01
    1.2778347547541617e-02 -7.6816738962931140e+01
    -3.1399085474097365e+01 4.5594772692827661e+02
    -5.7782966371714584e-01 1.0845940078417712e-01
    1.4974093372566225e-02 -7.5103923192415067e+01
    -3.0925773673720609e+01 4.5781627303539432e+02
    -8.2831756988930549e-01 8.0466906448912801e-02
    3.0957171254638767e-02 -6.8146738833973998e+01
    -1.3151805251875658e+01 4.5931978441065860e+02
    -9.3665583343485381e-01 6.6980924965258370e-02
    3.4450087557805237e-02 -6.5872865057313561e+01
    -3.5713076743925827e+00 4.6070194217047259e+02
    -8.5759138424494863e-01 -3.8212250212519505e-02
    1.6237336202392352e-03 -6.7266106369957768e+01
    3.7445183170326615e+01 4.3558780141619656e+02
    -1.0593910758944718e+00 -4.9201469391608216e-02
    -4.9090737511904570e-02 -5.5210045388226369e+01
    5.7303894246983802e+01 4.4180785621035881e+02
    -9.4176833963178819e-01 -4.2001977390923394e-02
    -1.5811913430822274e-02 -5.5026666179789160e+01
    4.6473057172763447e+01 4.4526832128127757e+02
    -8.6115217772015906e-01 -1.4607004294723423e-02
    -8.5620568629383251e-03 -5.4782312162043070e+01
    4.3540083814850959e+01 4.4610391607471280e+02
    -8.5819215166318574e-01 2.8091445638042698e-02
    1.0426036756626631e-02 -5.3944287095958266e+01
    4.2520250265820813e+01 4.5162732120873085e+02
    -8.0949791410407268e-01 2.7114677347412713e-01
    6.4338520273937230e-02 -3.0250597416800026e+01
    3.9434831097674881e+01 4.6831961792756215e+02
    -8.2949444675507633e-01 4.5438260356528132e-01
    6.8172643881381292e-02 -1.4705469857763889e+01
    4.1546972483015395e+01 4.7902117424926831e+02
    -8.5589604834309374e-01 6.2277800555624130e-01
    8.7723079867869966e-02 2.5846911248923368e+00 4.4979647678513679e+01
    4.8816002529995751e+02 -8.8712910736682504e-01
    7.4387074028428757e-01 1.2464324897345240e-01 1.4923345285539664e+01
    4.8269005086897167e+01 4.9258661043275202e+02
    -6.1853474389469254e-01 9.6544666951390667e-01
    1.0767836532887499e-01 2.3806052924534825e+01 3.0504136099565208e+01
    4.8272265636889904e+02 -4.9253420561017486e-01
    9.6883280193651067e-01 6.5360163865582896e-02 2.0686077413154948e+01
    1.9127677804788586e+01 4.8153395126816577e+02
    -2.9966487291082405e-01 9.9399866707801565e-01
    -3.3657271524429801e-02 1.1266148074507612e+01
    1.0847933077029033e+01 4.7577779641067553e+02
    -1.5698996473799914e-01 9.8533498573041844e-01
    -1.0346301070193926e-01 3.6836693599626296e+00
    7.2580381707295514e+00 4.6908427103676934e+02 2.9828983308638113e-01
    8.9027393536788924e-01 -3.4976458368903202e-01
    -1.9721692128457487e+01 5.8096572438264555e+00
    4.5100408721284811e+02 3.7564988347552897e-01 8.3803618149882930e-01
    -3.9885253744071836e-01 -2.4968991730258772e+01
    7.4768812606801394e+00 4.4443707281803557e+02 4.6680955921560530e-01
    8.0545079577416767e-01 -4.4373838600622462e-01
    -3.1359877387227201e+01 1.0711760915664758e+01
    4.3839896370955614e+02 6.4255839805874748e-01 7.1954865838258497e-01
    -4.7081156624029102e-01 -4.0998381369391055e+01
    1.0223127447888364e+01 4.2438942948527080e+02 8.2236691286423380e-01
    3.8034045053452947e-01 -3.1515544554204616e-01
    -4.8262419048446780e+01 -9.4231915327667100e+00
    3.7603443840985784e+02 7.9196170941327582e-01 2.8665535202956804e-01
    -2.6488749581635068e-01 -4.2373847348076104e+01
    -1.3755061304640881e+01 3.6728055152673562e+02
    7.9400998339222995e-01 2.5772293570778737e-01
    -2.4879145443169992e-01 -3.9121524810850595e+01
    -1.3304211929170009e+01 3.6505048978172562e+02
    7.9701449817560777e-01 2.3247770500296602e-01
    -2.3372278055163573e-01 -3.7501674260210208e+01
    -1.3671391628820947e+01 3.6326626360901292e+02
    7.9486210923181855e-01 2.1432078945160749e-01
    -2.1902100274142797e-01 -3.6026365935514526e+01
    -1.3523553115254909e+01 3.6241380799840550e+02
    7.9165175874966121e-01 1.6985502519706999e-01
    -1.9732880946067918e-01 -3.3345588208685335e+01
    -1.2760136597498667e+01 3.5959437680811430e+02
    7.9072388184083886e-01 1.0836629098597109e-01
    -1.5945575907071197e-01 -2.8417591806225293e+01
    -1.2630421011525412e+01 3.5511848706952941e+02
    7.8818116497323454e-01 6.3726552734058889e-02
    -1.2299899988720288e-01 -2.3597885560084507e+01
    -1.2868616106880427e+01 3.5146861105498908e+02
    7.9181420058407026e-01 1.2407428626427764e-02
    -7.0940361143029429e-02 -1.7917788869610806e+01
    -1.1777881959415408e+01 3.4657583611244070e+02
    7.8605489094523795e-01 -1.1930335450435810e-02
    -4.5111113409522868e-02 -1.5682190500605875e+01
    -1.1690393133564099e+01 3.4487421216594794e+02
    7.9433116493040046e-01 -4.8287909432972294e-02
    -2.0879508693142933e-02 -1.3940482558645984e+01
    -1.1674403923596719e+01 3.4286037958917785e+02
    8.0794377313506105e-01 -9.9116548427628084e-02
    -1.6232355845953843e-03 -1.0211361398495949e+01
    -1.0489735458916089e+01 3.3934334473194428e+02
    8.4568504066434302e-01 -2.5874692660573295e-01
    6.7077939193434188e-02 3.5246987892774855e+00
    -7.6829061278643582e+00 3.2984864648596346e+02
    6.5519853936192951e-01 -2.2624434940720972e-01
    6.9239055368523816e-02 7.4650661149313233e+00
    -9.0607687755526154e+00 3.4023630911131158e+02
    5.1595913839961638e-01 -2.1708212090059109e-01
    5.4651866267156138e-02 8.7200812275429183e+00
    -1.3765849486614851e+01 3.4738804363405239e+02
    4.3484643729497946e-01 -2.2799611809564396e-01
    5.0797331739741262e-02 1.1175256399223478e+01
    -1.4421617904769894e+01 3.5054810380805696e+02
    4.0224059685067176e-01 -2.2579717925266735e-01
    4.7038710950956339e-02 1.2088050686205904e+01
